timestamp, gforce
0,-0.37957771479685753
4882,-0.3366852423347808
10253,-0.41413431764263287
15136,-0.38422874714148314
20019,-0.4000447960191984
24902,-0.32907699031980897
30273,-0.3573842461502448
35156,-0.3830116991634842
40039,-0.3838574456759609
45410,-0.3345312776719087
50292,-0.346821835076927
55175,-0.3634122611270083
60058,-0.4001114802200849
65429,-0.3151373937470989
70312,-0.3815955739917367
75195,-0.3695977588297765
80566,-0.42009007539043
85449,-0.4090612752595657
90332,-0.3498700636173222
95214,-0.3479829097772651
100585,-0.3904682049952388
105468,-0.31987605245639195
110351,-0.38410259814852843
115234,-0.3075555523883242
120605,-0.3363021819583274
125488,-0.3667881928712564
130371,-0.37899338211017763
135742,-0.31301671637094763
140625,-0.3747841831281562
145507,-0.3507251759940111
150390,-0.3932043001796899
155761,-0.3970829789367549
160644,-0.31787365155977376
165527,-0.39375683130281836
170410,-0.34450442170945195
175781,-0.369541974446129
180664,-0.36888585126441775
185546,-0.3727231851225934
190917,-0.317972356593593
195800,-0.33615094198151674
200683,-0.3538722944895767
205566,-0.3201757195140278
210937,-0.3487678967859935
215820,-0.3701549761352396
220703,-0.3227170624909057
226074,-0.35612186330522455
230957,-0.35385961138265465
235839,-0.3789385014382951
240722,-0.38284099301912633
246093,-0.3984162755467118
250976,-0.35342992572402565
255859,-0.3676464523586258
260742,-0.3730855196253877
266113,-0.37198968336431903
270996,-0.3679391499597209
275878,-0.3491382630617075
280761,-0.41303980881887803
286132,-0.36530405249574116
291015,-0.32772459521641295
295898,-0.36011688418723686
301269,-0.3984025289392257
306152,-0.33578745900396356
311035,-0.3574638517523354
315917,-0.3883458359435146
321289,-0.3626943106884468
326171,-0.3530921069537438
331054,-0.3808482013939152
336425,-0.3350987379481509
341308,-0.37175088675073553
346191,-0.3958114164115045
351074,-0.3911921250628332
356445,-0.3081367114989977
361328,-0.3328683569019262
366210,-0.37015687662234775
371093,-0.35473183101817796
376464,-0.4132043191033681
381347,-0.4133571549028847
386230,-0.3704238253528924
391113,-0.33854289585622865
396484,-0.29961211973237845
401367,-0.34437664182764927
406250,-0.3397170108304799
411621,-0.308232268652203
416503,-0.36362685358790436
421386,-0.3101193626845795
426269,-0.3635673403654369
431640,-0.3341784551614264
436523,-0.393949248613497
441406,-0.34303034507640895
446777,-0.3672310718969438
451660,-0.3957380920676137
456542,-0.39969963374886497
461425,-0.3682106712735962
466796,-0.38601146668460373
471679,-0.33478795373102166
476562,-0.32290888495824177
481445,-0.3935922788731343
486816,-0.3363518933235259
491699,-0.35756765004118485
496582,-0.3088123065068089
501953,-0.37504560787899166
506835,-0.41685414341873006
511718,-0.319995262028101
516601,-0.41085704374598464
521972,-0.3679659042656471
526855,-0.4816679388268703
531738,-0.3675148706089342
536621,-0.36579230493120996
541992,-0.38500938882634017
546875,-0.3996268741192459
551757,-0.37439175784904144
557128,-0.38959168386999465
562011,-0.3630704056071252
566894,-0.3124826535085088
571777,-0.3720091950986504
577148,-0.3834459623885138
582031,-0.3342439128626946
586914,-0.30753312704641544
592285,-0.39220849131523394
597167,-0.3624001226364175
602050,-0.34388305891960336
606933,-0.37012152783158214
612304,-0.3769640252059716
617187,-0.4060357038875342
622070,-0.37167916556487945
626953,-0.36770574131099387
632324,-0.38462183254724636
637207,-0.4054902682052237
642089,-0.3582329250624756
646972,-0.35181694742307457
652343,-0.34208717391306465
657226,-0.34250061902994666
662109,-0.34609371782589093
667480,-0.372755422169158
672363,-0.3462551491337482
677246,-0.369541974446129
682128,-0.34275660320142265
687500,-0.31939833691693487
692382,-0.36240460558595444
697265,-0.359231173421966
702636,-0.4122084733616038
707519,-0.33444050345215537
712402,-0.38928648498011853
717285,-0.3520517458814929
722656,-0.3200287132526345
727539,-0.3463279252031519
732421,-0.3920159899287743
737304,-0.3181671176870875
742675,-0.3855748283129419
747558,-0.33351550119877693
752441,-0.3588019776687812
757812,-0.30263998872321984
762695,-0.33468468824384345
767578,-0.4003711184636174
772460,-0.3135221845691163
777832,-0.3193042856493662
782714,-0.397173253430811
787597,-0.34597655880704004
792480,-0.34589954513976373
797851,-0.38949575236791034
802734,-0.31553598874011257
807617,-0.3985289197244821
812988,-0.35256859718039735
817871,-0.3916341962037748
822753,-0.33244634901648773
827656,-0.4050092452988867
833028,-0.3527096544748449
837910,-0.35622781024697403
842793,-0.3591848778217255
848164,-0.4152364194804221
853047,-0.3907838264470467
857930,-0.30833335799035666
862813,-0.3230278839221583
868184,-0.4010929319915295
873067,-0.34873602576060136
877949,-0.38205358820022006
882832,-0.3429801386612663
888203,-0.37448143065197215
893086,-0.40046732690731446
897969,-0.3558817543674735
903340,-0.3231265773861658
908223,-0.30152674292016535
913106,-0.41161485025892297
917989,-0.4039771614873633
923360,-0.3313807842316905
928242,-0.34451644385110924
933125,-0.3603430448168812
938008,-0.34996605264916525
943379,-0.33956705843335655
948262,-0.32331227087789216
953145,-0.3243578904033182
958516,-0.32208478446280964
963399,-0.38220346491213064
968281,-0.3554261568249739
973164,-0.3448205706480749
978535,-0.35398662219406063
983418,-0.38373960519147055
988301,-0.3249341202003304
993672,-0.32488684728567563
998555,-0.28796621143095713
1003438,-0.33483351687177887
1008321,-0.3919508634982787
1013692,-0.4104849296567803
1018574,-0.42189177694228164
1023457,-0.43727414522539654
1028340,-0.41277937202589676
1033711,-0.38661916042775246
1038594,-0.37314524315651276
1043477,-0.3198046581156664
1048360,-0.3680573160844478
1053731,-0.4052427388341222
1058614,-0.3868711267863034
1063496,-0.3713890690458168
1068867,-0.3821183418021672
1073750,-0.31467594394019116
1078633,-0.3243286556243401
1083516,-0.35558556575485767
1088887,-0.3632872897325381
1093770,-0.3564009523233196
1098653,-0.36298408645745717
1104024,-0.32710318668056537
1108906,-0.3796021140537267
1113789,-0.3813377406443035
1118672,-0.38702226331984946
1124043,-0.37772662916534117
1128926,-0.35618827200605274
1133809,-0.3748704064158801
1138692,-0.3723666334945701
1144063,-0.37258811473116893
1148946,-0.3399443444663923
1153828,-0.36109892539124466
1158711,-0.37187850632050257
1164082,-0.3705879738987967
1168965,-0.3752527075741643
1173848,-0.3819152480449599
1179219,-0.443631417897981
1184102,-0.3865246931579893
1188985,-0.364975691692246
1193867,-0.31739150985415954
1199239,-0.3533096300348113
1204121,-0.3302735729690589
1209004,-0.3918900529676428
1214375,-0.3709950788797709
1219258,-0.3419389144985363
1224141,-0.29947418455233077
1229024,-0.35089229264424837
1234395,-0.4087450825907357
1239278,-0.34261189967937433
1244160,-0.3558001646261726
1249043,-0.3205567474884141
1254414,-0.41553715277524894
1259297,-0.3765587456433508
1264180,-0.3583853063068503
1269551,-0.35844708098940536
1274434,-0.43649385113805117
1279317,-0.4000057416914107
1284199,-0.36928711949266635
1289571,-0.37901393271248907
1294453,-0.31854795245758893
1299336,-0.38048668947547704
1304219,-0.334262465235895
1309590,-0.3404110106459708
1314473,-0.38849187247616257
1319356,-0.36570801431559197
1324727,-0.3184550403170867
1329610,-0.35302740224043383
1334492,-0.37774706930366264
1339375,-0.35838480673115036
1344746,-0.3710211571257851
1349629,-0.32541954802201367
1354512,-0.35850691555422465
1359395,-0.3869380028049658
1364766,-0.4085363408620939
1369649,-0.33689605469812456
1374531,-0.38394422556591756
1379414,-0.35777220353650563
1384785,-0.38884798200710513
1389668,-0.36561327546572997
1394551,-0.3270062941456384
1399922,-0.3531110649177016
1404805,-0.34320090160007943
1409688,-0.29953994952512986
1414571,-0.3587478214538802
1419942,-0.40413913460350415
1424824,-0.39403653449485887
1429707,-0.3887462447661765
1435078,-0.3467341708100129
1439961,-0.37908777790515735
1444844,-0.4148303278799279
1449727,-0.33217314666964803
1455098,-0.37522510088790106
1459981,-0.35356415417916764
1464864,-0.3311917914597391
1469746,-0.34906325425925644
1475117,-0.37120924901398666
1480000,-0.321646267209422
1484883,-0.3990822804448868
1490254,-0.4009078112911215
1495137,-0.39423094802681113
1500020,-0.3865113339519546
1504903,-0.4130709477319705
1510274,-0.36768297320179144
1515156,-0.3922525924910296
1520039,-0.3844974818008797
1524922,-0.3078762485117288
1530293,-0.41751613093650697
1535176,-0.31051562909422614
1540059,-0.34747715365030984
1545430,-0.3441051900599774
1550313,-0.3868752858035922
1555196,-0.3245049142395473
1560078,-0.3650390746172061
1565449,-0.40805624502193183
1570332,-0.3603100002585098
1575215,-0.40041345175887066
1580586,-0.3984076461538155
1585469,-0.3527772365021864
1590352,-0.36509091737268484
1595235,-0.3743594651695048
1600606,-0.40525095336343675
1605489,-0.39312727104023537
1610371,-0.33377739719165156
1615254,-0.3871221976750796
1620625,-0.3575796467034902
1625508,-0.36083418933328204
1630391,-0.37558417834042146
1635274,-0.33600852514885204
1640645,-0.41564626752241196
1645528,-0.36768438835457395
1650410,-0.3628572252039266
1655781,-0.3462351765747904
1660664,-0.31235742300627045
1665547,-0.38841706695586886
1670430,-0.41068020107628556
1675801,-0.39470550535712867
1680684,-0.4062287394295794
1685567,-0.3681436779219265
1690938,-0.4123925954796501
1695821,-0.31428194023028766
1700703,-0.3863833506342935
1705586,-0.3158924949096811
1710957,-0.3870630872934697
1715840,-0.39150784807860006
1720723,-0.39423094802681113
1726094,-0.3829232168532464
1730977,-0.3724929757233948
1735860,-0.3484804645461157
1740742,-0.36475886501675525
1746114,-0.32485347862285074
1750996,-0.43831414047482475
1755879,-0.42465246562020553
1760762,-0.39331994065444675
1766133,-0.3481863730783381
1771016,-0.36805256525098073
1775899,-0.3771673978914798
1780781,-0.3551544183898212
1786153,-0.34180975356100696
1791035,-0.4011802340880273
1795918,-0.3669283111592918
1801289,-0.3994091372479982
1806172,-0.34559147966430004
1811055,-0.3516424952661712
1815938,-0.3752091016641632
1821309,-0.3651946191057487
1826192,-0.34006140959647624
1831074,-0.3205014350993327
1836446,-0.43696376667381465
1841328,-0.41338591336112174
1846211,-0.3984462428645372
1851094,-0.2938264897530125
1856465,-0.38673116263960594
1861348,-0.3984747546625904
1866231,-0.31536607810389405
1871114,-0.2630878783156092
1876485,-0.3204088393761211
1881367,-0.40756318635583
1886250,-0.37001871080990334
1891133,-0.3779993643274029
1896504,-0.3963297763727738
1901387,-0.4204824645277849
1906270,-0.29429612315136744
1911641,-0.36191853269791174
1916524,-0.35870590922883494
1921406,-0.34677122457446075
1926289,-0.3418978211367101
1931660,-0.3614962612369155
1936543,-0.3242239760391037
1941426,-0.3893164731100569
1946309,-0.3297470395864526
1951680,-0.34935270079504477
1956563,-0.4418175282374328
1961446,-0.3352937067382271
1966817,-0.33952519531275804
1971699,-0.3385599955455323
1976582,-0.43099148251717523
1981465,-0.3416132246287997
1986836,-0.39354227006391795
1991719,-0.39710812607769164
1996602,-0.35111876606724657
2001485,-0.3455117448753793
2006856,-0.447572069395326
2011739,-0.33374120672606367
2016621,-0.31995031770065374
2021992,-0.4090025292491326
2026875,-0.3652557923887585
2031758,-0.32994875152146186
2036641,-0.3452555523306753
2042012,-0.41765005318759485
2046895,-0.29983734739980505
2051778,-0.36021356657876424
2056660,-0.3771871854589204
2062031,-0.3264162616342947
2066914,-0.37217962448285036
2071797,-0.4293991110205244
2077168,-0.3798620005248239
2082051,-0.3265179279572692
2086934,-0.386532544677479
2091817,-0.36969408773361323
2097188,-0.39626574283439453
2102071,-0.4211919241484363
2106953,-0.3230015738898313
2111836,-0.36075229121716035
2117207,-0.3607260415494036
2122090,-0.3654503632631094
2126973,-0.3991453454204734
2132344,-0.40000353804775557
2137227,-0.3245629224399966
2142110,-0.3657830053926894
2146992,-0.39749109866008325
2152364,-0.33975777639857263
2157246,-0.41017563668923884
2162129,-0.3531724096055715
2167012,-0.4098042643327737
2172383,-0.357927770608935
2177266,-0.4337703673481528
2182149,-0.3914163740734402
2187520,-0.36108211943533597
2192403,-0.34731408938010233
2197285,-0.3394117739025351
2202168,-0.37021888230531275
2207539,-0.37381561574326305
2212422,-0.33216145394582597
2217305,-0.3583102549752777
2222188,-0.3727870088855436
2227559,-0.37560486400003334
2232442,-0.353751943239514
2237324,-0.41776502426964157
2242696,-0.3961586082541402
2247578,-0.3839287623441212
2252461,-0.3826127744703456
2257344,-0.32676743555794374
2262715,-0.4059239895626874
2267598,-0.33877538651173467
2272481,-0.359886175015939
2277364,-0.36262165879040964
2282735,-0.36938409601240885
2287617,-0.2870632804619806
2292500,-0.42690285309036824
2297383,-0.4034112490377666
2302754,-0.375559904617349
2307637,-0.42520939513236833
2312520,-0.39931380810373795
2317891,-0.3849677914013441
2322774,-0.34460214186738547
2327656,-0.34560415205560524
2332539,-0.3316013239943576
2337910,-0.3704606064676419
2342793,-0.38638555132188124
2347676,-0.3586187306959996
2353047,-0.36327704310782316
2357930,-0.36529096898878066
2362813,-0.33522699575875237
2367696,-0.3891248676518373
2373067,-0.37435030758935817
2377949,-0.38645473263492747
2382832,-0.43217786106992584
2387715,-0.3186247380637912
2393086,-0.4200895722606557
2397969,-0.39408801610044897
2402852,-0.3438175345646055
2407735,-0.3493200096501372
2413106,-0.3795266780961626
2417989,-0.3987586120440394
2422871,-0.3872448291877699
2428242,-0.3800650873011744
2433125,-0.3417299499846038
2438008,-0.3797318584979461
2442891,-0.4172061889606553
2448262,-0.3623959936506882
2453145,-0.31620632185578046
2458028,-0.3719916844658613
2463399,-0.3738721782964003
2468281,-0.36864099490426305
2473164,-0.36060780212027055
2478047,-0.3604480394002998
2483418,-0.3648410167923881
2488301,-0.3435628236939703
2493184,-0.3769025257980605
2498067,-0.3681499945242521
2503438,-0.3822418445656961
2508321,-0.3631281470905865
2513203,-0.37287471488795454
2518086,-0.3414677650616227
2523457,-0.4268133999791175
2528340,-0.36475790021491505
2533223,-0.39777660105385415
2538594,-0.37748164587920385
2543477,-0.9273934889904236
2548360,0.3836748749602208
2553242,-0.8585103718510272
2558614,-0.4506474637773845
2563496,0.7052604863687684
2568379,-1.109234387386099
2573750,-0.4202369572838869
2578633,-0.19581576965336644
2583516,-0.35612184411200865
2588399,-0.41634708191099357
2593770,-0.34375449592967655
2598653,-0.46507742530129903
2603535,-0.604541762821853
2608418,0.19611787644571166
2613789,-0.6566045753826124
2618672,-0.5786550213254937
2623555,-0.14948851623471526
2628438,-0.45846871192703453
2633809,-0.3162414201074899
2638692,-0.27260528790451843
2643574,-0.5919763370247164
2648946,-0.3234730924729181
2653828,-0.30152528746477536
2658711,-0.5991042913155837
2663594,-0.267291071100205
2668965,-0.5190318263246478
2673848,-0.27066742152518586
2678731,-0.5131267053012039
2684102,-0.33971272276638764
2688985,-0.5796105303063541
2693867,-0.24224683617985399
2698750,-0.5160329259100109
2704121,-0.6058657324344239
2709004,-0.19852103616777939
2713887,-0.41551793755662203
2718770,-0.5403539147981498
2724141,-0.32358833498584083
2729024,-0.21162437667365808
2733906,-0.4962850557366565
2738789,-0.13318013342707502
2744160,-0.48631603704904514
2749043,-0.37825373534478146
2753926,-0.25160289759404897
2759297,-0.26502029351333434
2764180,-0.4929925615212394
2769063,-0.33200652446489265
2773946,-0.21061689894350444
2779317,-0.4154559847183723
2784199,-0.3702779678594421
2789082,-0.37475564297198005
2794453,-0.43010591093388406
2799336,-0.3574173457780372
2804219,-0.3372481464413273
2809102,-0.23414916395354624
2814473,-0.3397695087006358
2819356,-0.39886723100603483
2824239,-0.27636879190817787
2829121,-0.4652313721230623
2834492,-0.3861655459201767
2839375,-0.39056329027091863
2844258,-0.2905027341029438
2849141,-0.40575304835783577
2854512,-0.2923013207706582
2859395,-0.2918061228595228
2864278,-0.4927727753595459
2869649,-0.32247639035726294
2874531,-0.3649458269598629
2879414,-0.5596781402315685
2884297,-0.193127417371997
2889668,-0.33652277789646945
2894551,-0.39116343436871226
2899434,-0.2906376500389172
2904805,-0.3508981674871645
2909688,-0.45436605267448194
2914571,-0.35309202245695914
2919453,-0.24827786960657683
2924824,-0.5657859930427893
2929707,-0.30901837541255617
2934590,-0.2204790918372943
2939473,-0.5770881715677891
2944844,-0.3207401514338404
2949727,-0.21067046550456325
2954610,-0.44804069428961846
2959492,-0.31295200132934475
2964864,-0.2647004626856262
2969746,-0.344139175246136
2974629,-0.48065263774322453
2980000,-0.23348523823738176
2984883,-0.4436240035566019
2989766,-0.34949868076766855
2994649,-0.21570647985101843
3000020,-0.3871521099330888
3004903,-0.36469496493388753
3009785,-0.3069700130624966
3015156,-0.4485533213695394
3020039,-0.4045192732285958
3024922,-0.2782959720361742
3029805,-0.35377747454345965
3035176,-0.3405984301570246
3040059,-0.2867059350188583
3044942,-0.38688933178329066
3049824,-0.4146622245921492
3055196,-0.23643102751541356
3060078,-0.49644699627083533
3064961,-0.4177363837815822
3070332,-0.3073984555566156
3075215,-0.27751756535211314
3080098,-0.3982520430116505
3084981,-0.3055610103724806
3090352,-0.44988915928605167
3095235,-0.39339286432807974
3100117,-0.4130771781986393
3105000,-0.3370237032287804
3110371,-0.3875873265643257
3115254,-0.3074617051941235
3120137,-0.3777876335442727
3125508,-0.4178301091098451
3130391,-0.37261391621982476
3135274,-0.4095383765213647
3140156,-0.3305519164303554
3145528,-0.38512978458285296
3150410,-0.31493102338625967
3155293,-0.3652557923887585
3160176,-0.2731327413305138
3165547,-0.41251016113818295
3170430,-0.29551599962720765
3175313,-0.33673955253829213
3180684,-0.3344837725452692
3185567,-0.34077979796658653
3190449,-0.3230278839221583
3195332,-0.3786798448426687
3200703,-0.4052297355420489
3205586,-0.36156075877917715
3210469,-0.4033948191843333
3215352,-0.3564713897076732
3220723,-0.36272318059897657
3225606,-0.41524273677231704
3230489,-0.36355244483704396
3235860,-0.4410964078846771
3240742,-0.38880838793208916
3245625,-0.3129189730396309
3250508,-0.33720063017772084
3255879,-0.3725780772958771
3260762,-0.2937304316753462
3265645,-0.3763239376813452
3271016,-0.3961226796948143
3275899,-0.34531442124616873
3280781,-0.35307587997585976
3285664,-0.33591387718111676
3291035,-0.33288484065573876
3295918,-0.33409072442336196
3300801,-0.3633499500996358
3305684,-0.34935456262930664
3311055,-0.4618270945095695
3315938,-0.37040163128904524
3320821,-0.4370913826765044
3325703,-0.38988761943822325
3331074,-0.3533152876999832
3335957,-0.2655434043772882
3340840,-0.3130851108094941
3346211,-0.33828490248531473
3351094,-0.3910338834381033
3355977,-0.41520290045021113
3360860,-0.34134831977217495
3366231,-0.34210098836597247
3371114,-0.35756117140284793
3375996,-0.47672458829664066
3380879,-0.32615245884431054
3386250,-0.4381727378792242
3391133,-0.3653268148701194
3396016,-0.31005450303363347
3401387,-0.3084618460948132
3406270,-0.36731201034404926
3411153,-0.2918844846983344
3416524,-0.4043889749227496
3421406,-0.35377647581955607
3426289,-0.36112446124207054
3431172,-0.41304706399366076
3441426,-0.3391235439654121
3446309,-0.359671040740432
3451192,-0.38711611117096645
3454121,-0.4294143319714401
3456563,-0.44360775909952643
3466328,-0.37522476602837607
3471211,-0.2914079257564275
3476582,-0.3478458662617818
3481465,-0.3483159701852987
3486348,-0.3108282881119102
3491719,-0.3796292675366235
3501485,-0.3561221129647567
3506856,-0.34225668144954113
3511739,-0.32747040129734906
3516621,-0.4084741326399879
3521504,-0.3597911178612616
3526387,-0.3600459008618557
3531758,-0.37287471488795454
3536641,-0.363082851376225
3546895,-0.3224373216990113
3551778,-0.3772636040236321
3556660,-0.3436522047270856
3562031,-0.3967327624435928
3571797,-0.3932486569021556
3576680,-0.3700935708371951
3581563,-0.39358751542699366
3586934,-0.35045814972670186
3591817,-0.3726275562359298
3596699,-0.30044784159534466
3602071,-0.3939748734336703
3606953,-0.39057829783436837
3611836,-0.33771209156512505
3616719,-0.3347465614645895
3622090,-0.34535983507100987
3626973,-0.3244176554760738
3631856,-0.3989149260250713
3642110,-0.3846840836814778
3646992,-0.3537580006277281
3651875,-0.39975584772122197
3657246,-0.32507901244741433
3662129,-0.31753131260219547
3667012,-0.3608847904505126
3671895,-0.37408326328845654
3677266,-0.37455472434420223
3682149,-0.34632069036623037
3687031,-0.39843696101191917
3691914,-0.38004641154811836
3697285,-0.36552373713128716
3702168,-0.3803043265278525
3707051,-0.364962993894709
3711934,-0.3366194343183011
3717305,-0.3704685098016878
3722188,-0.3702475902434603
3727071,-0.4013728534019556
3731953,-0.3873771024461732
3737324,-0.3864230000349629
3742207,-0.3083450020578802
3747090,-0.31112604480393635
3752461,-0.3873357767933818
3757344,-0.32256986722392966
3762227,-0.43720148461983044
3767110,-0.39937369808988166
3772481,-0.3702342846158597
3777364,-0.3514937171583288
3782246,-0.36546362732001825
3787617,-0.32977315366983895
3792500,-0.38251439442111845
3797383,-0.3659158094136057
3802266,-0.3593988555386911
3807637,-0.376961272527641
3812520,-0.32772746820202414
3817403,-0.35056268568722615
3822774,-0.3351219611590661
3827656,-0.3461482316530091
3832539,-0.33553694247909505
3837422,-0.4498969940643107
3842793,-0.3737021154542912
3847676,-0.39150789794176966
3852559,-0.3957234967244396
3857442,-0.3241563476434113
3862813,-0.35736076893045876
3867696,-0.36018482018942244
3872578,-0.34471508970168685
3877461,-0.33013851338598776
3882832,-0.33269734244052884
3887715,-0.28221358429651744
3892598,-0.3370744916145636
3897969,-0.42957253117149996
3902852,-0.34470784483220385
3907735,-0.3843384015206457
3917989,-0.3207110766011958
3922871,-0.3501155800096196
3927754,-0.33089348489230197
3933125,-0.3714795699260307
3942891,-0.4396488970014687
3947774,-0.4275120688384977
3953145,-0.4252374204737315
3958028,-0.3290073848541972
3967793,-0.38878359857422673
3973164,-0.3542692920478405
3978047,-0.3446785774339194
3982930,-0.3659503731140461
3988301,-0.3586322232288861
3993184,-0.3371250845568863
3998067,-0.3621240606207152
4002949,-0.277168373124864
4008321,-0.3629095865725134
4013203,-0.3963369798255343
4018086,-0.3936324256261958
4022969,-0.36991412509679833
4028340,-0.36748065529269525
4033223,-0.36697887968515097
4038106,-0.35535825501600016
4043477,-0.3612224185020594
4053242,-0.3394197169840716
4058125,-0.4092854446984404
4063496,-0.3469409158176404
4068379,-0.3958387514003796
4073262,-0.36070204073899426
4078145,-0.3371787147664591
4083516,-0.3437058062996101
4088399,-0.34890059635561954
4098164,-0.3626214087563131
4103535,-0.3207910859256433
4108418,-0.3967327624435928
4118672,-0.33824892886860347
4123555,-0.4144231980464248
4128438,-0.3906662774151055
4138692,-0.3345294338935254
4143574,-0.35832474232133116
4148457,-0.3700607426479188
4153828,-0.3570473006039965
4158711,-0.39811672579968516
4163594,-0.4081648173148391
4168477,-0.39059694570631187
4173848,-0.3912152509881732
4178731,-0.32237367203727096
4183614,-0.3754384106803368
4188496,-0.3670936507125937
4193867,-0.37014475246244416
4198750,-0.3373671607278066
4203633,-0.37386703702084567
4208516,-0.36835277686003387
4218770,-0.32975784787887186
4223653,-0.2941947019170055
4229024,-0.3487549555657221
4238789,-0.37747877733926494
4243672,-0.3531104618883969
4249043,-0.4202150480855913
4253926,-0.3173623269700361
4264180,-0.33700120775860576
4269063,-0.3504962776901799
4273946,-0.36623056808901566
4278828,-0.3349827960911398
4284199,-0.36568005095218226
4293965,-0.4129524159743774
4298848,-0.3521207783012361
4304219,-0.36332989108262304
4309102,-0.38834942868800226
4313985,-0.3293127694068989
4318867,-0.36802262552962084
4324239,-0.3558016937173587
4329121,-0.34791506138000194
4339375,-0.3555260837820686
4344258,-0.3154644088378813
4349141,-0.35158160960819096
4354024,-0.3855447016753075
4359395,-0.3242597814628656
4364278,-0.41181935509951373
4369160,-0.3511327894516132
4374043,-0.3648240658951458
4379414,-0.3925990392001584
4384297,-0.38214568753068434
4389180,-0.3422230367408048
4394063,-0.3110977949227305
4399434,-0.3422230367408048
4404317,-0.34046574099384763
4409199,-0.3965709170207532
4414571,-0.4121310673813987
4419453,-0.3970542354328046
4424336,-0.3551607478799266
4429219,-0.3894238460102475
4434590,-0.37262287212402434
4439473,-0.3842384465900466
4444356,-0.28744428760220586
4449239,-0.3978185752374017
4454610,-0.35487396795454096
4459492,-0.39896814020005245
4464375,-0.38690042123220714
4469258,-0.34332101917100033
4474629,-0.3927036264639874
4479512,-0.3188146066347386
4484395,-0.31493193392872953
4489766,-0.3729697767027993
4499531,-0.45095597917858754
4504414,-0.4090297674520631
4509785,-0.38957639619350637
4514668,-0.3617236365090566
4519551,-0.3128267991389748
4524922,-0.34379327747470434
4529805,-0.3119950993138225
4534688,-0.4303334220524224
4539571,-0.3888354021045366
4544942,-0.36964810666418124
4549824,-0.347622465363429
4554707,-0.39080813971367867
4559590,-0.3531802985661745
4564961,-0.3496113915032666
4569844,-0.39461929726470757
4580098,-0.36768483842934785
4584981,-0.33607830931515004
4589864,-0.3550868031851042
4595235,-0.37517920813956174
4600117,-0.31681908938003644
4609883,-0.36870900771879
4614766,-0.4264256922348988
4620137,-0.3414786867348507
4625020,-0.36579230493120996
4630391,-0.3726317781426971
4640156,-0.34411388499742657
4645039,-0.3276543867992885
4650410,-0.41334650213599033
4655293,-0.40285045582665724
4660176,-0.3869730592961833
4665059,-0.29845478959919625
4670430,-0.4034955610893274
4675313,-0.3441253083238074
4680196,-0.38220918994112907
4685078,-0.4157376562565904
4690449,-0.40346562815079423
4695332,-0.33980391190297965
4700215,-0.3829525335528121
4705098,-0.3678406226978925
4710469,-0.3656118756407558
4715352,-0.34018645816341575
4720235,-0.34642142347549587
4725117,-0.4108139755421991
4730489,-0.3872262690549615
4735371,-0.35708156667865865
4740254,-0.39170142239828465
4745625,-0.323358461039442
4750508,-0.34785352788278523
4755391,-0.3581968759373222
4760762,-0.4374226378533699
4765645,-0.3857896510423551
4770528,-0.377563357781149
4780781,-0.3452308770195476
4785664,-0.31773127247386945
4790547,-0.3516728632649997
4795430,-0.3390349733756608
4805684,-0.39175218935490363
4810567,-0.3986085718784782
4815938,-0.36120976229180535
4820821,-0.3556117512071566
4830586,-0.39040159287157294
4835469,-0.37940451316883994
4838399,-0.32775422407471844
4840840,-0.38186037719846055
4850606,-0.37445460770397077
4855977,-0.35994917050919994
4860860,-0.35619542976521146
4865742,-0.43322260076375585
4870625,-0.29404973434590786
4875996,-0.38486703210311113
4880879,-0.36041268082627376
4885762,-0.36363796551696304
4890645,-0.3424385656692923
4896016,-0.35549017896313373
4900899,-0.3907734496426176
4905781,-0.33443244610256784
4910664,-0.31986817574193616
4916035,-0.37017304832377107
4920918,-0.36108596727989273
4925801,-0.36345156393506883
4931172,-0.3368744418869358
4936055,-0.3656083065511968
4940938,-0.38399877337173827
4945821,-0.4301862495613733
4951192,-0.35340629303357574
4956074,-0.393822101695843
4960957,-0.320539530925247
4966328,-0.3242386257230976
4971211,-0.30995236690182537
4976094,-0.3680590663919858
4986348,-0.37951089082908673
4991231,-0.3859454338243875
5001485,-0.3478459161614431
5006367,-0.3624299948467318
5011250,-0.38230407998485205
5016133,-0.3913120866469111
5021504,-0.3704315785559569
5026387,-0.3694992797767913
5031270,-0.38670273600957117
5036641,-0.3506674911089842
5041524,-0.3820212194644128
5046406,-0.36001290785288376
5051289,-0.3888521573067578
5056660,-0.3566017499887959
5061543,-0.38535846802670015
5066426,-0.33423804834518833
5071309,-0.37784383228550844
5076680,-0.403677701152219
5081563,-0.32387022690080514
5086446,-0.39615289016342636
5091328,-0.40626865784838273
5096699,-0.44685094789083557
5101582,-0.3674071813010187
5106465,-0.3471236491008387
5111348,-0.3556194770029677
5116719,-0.4295765430530274
5121602,-0.332271337243478
5126485,-0.41872572264848706
5131856,-0.3811882424458357
5136739,-0.36079534662564683
5141621,-0.3746463156159834
5146504,-0.3556880299544556
5151875,-0.39422668552414386
5156758,-0.34556377549856343
5161641,-0.3580324581105998
5166524,-0.3769335757869623
5171895,-0.39166644784454085
5176778,-0.34253876888172385
5181660,-0.36239534435455134
5187031,-0.36301959299528974
5191914,-0.35148167092329885
5196797,-0.4252166557475796
5201680,-0.36038238495428665
5207051,-0.33526317165400776
5211934,-0.33418649320150706
5216817,-0.36530405249574116
5222188,-0.3724571681527937
5227071,-0.35396002493201273
5231953,-0.36905183273731623
5236836,-0.32007168313887924
5242207,-0.3132091728437807
5247090,-0.3466139103395207
5251973,-0.400341546881986
5256856,-0.33944319955146796
5262227,-0.2661501370302144
5267110,-0.38277613362645724
5271992,-0.3565749624176817
5276875,-0.3466436634540102
5279805,-0.33197952286761634
5282246,-0.3477699910723189
5292012,-0.36326129830716525
5297383,-0.3941077240566564
5302266,-0.35803588984687096
5312031,-0.37448143065197215
5317403,-0.371033844218843
5322285,-0.29618332284984206
