1398794321255638946, -0.2546234, -0.112335205, 9.490402
1398794321260521759, -0.26890564, -0.11947632, 9.430893
1398794321265404571, -0.27604675, -0.08377075, 9.34996
1398794321270775665, -0.22367859, -0.10281372, 9.423752
1398794321275658477, -0.271286, -0.114715576, 9.369003
1398794321280541290, -0.23558044, -0.10043335, 9.399948
1398794321285424102, -0.25224304, -0.09329224, 9.4023285
1398794321288842071, -0.24272156, -0.08139038, 9.378525
1398794321292260040, -0.2808075, -0.08615112, 9.323776
1398794321295678009, -0.2474823, -0.090911865, 9.34758
1398794321303002227, -0.25938416, -0.109954834, 9.361862
1398794321310814727, -0.24986267, -0.09567261, 9.380905
1398794321315697540, -0.2474823, -0.14804077, 9.447556
1398794321320580352, -0.23320007, -0.12423706, 9.426132
1398794321323998321, -0.2141571, -0.12661743, 9.418991
1398794321327416290, -0.24510193, -0.09567261, 9.407089
1398794321330834259, -0.22843933, -0.08377075, 9.369003
1398794321338158477, -0.24510193, -0.10281372, 9.385666
1398794321345970977, -0.24034119, -0.114715576, 9.369003
1398794321350853790, -0.22843933, -0.09567261, 9.423752
1398794321355736602, -0.29032898, -0.08615112, 9.428513
1398794321361107696, -0.2546234, -0.088531494, 9.421371
1398794321365990509, -0.2474823, -0.109954834, 9.418991
1398794321370873321, -0.24510193, -0.062347412, 9.442795
1398794321375756134, -0.25700378, -0.088531494, 9.373764
1398794321381127227, -0.24986267, -0.10043335, 9.3832855
1398794321384056915, -0.28318787, -0.08615112, 9.385666
1398794321387474884, -0.22129822, -0.14328003, 9.41185
1398794321390892852, -0.24272156, -0.09805298, 9.340439
1398794321398705352, -0.22129822, -0.090911865, 9.416611
1398794321406029571, -0.30223083, -0.10043335, 9.390427
1398794321410912384, -0.27366638, -0.10757446, 9.390427
1398794321415795196, -0.271286, -0.109954834, 9.416611
1398794321421166290, -0.27366638, -0.10281372, 9.459457
1398794321426049102, -0.28556824, -0.10519409, 9.421371
1398794321430931915, -0.29508972, -0.10757446, 9.369003
1398794321436303009, -0.24986267, -0.088531494, 9.421371
1398794321441185821, -0.2808075, -0.15042114, 9.399948
1398794321446068634, -0.24034119, -0.05758667, 9.426132
1398794321450951446, -0.24272156, -0.09329224, 9.342819
1398794321456322540, -0.26890564, -0.114715576, 9.468979
1398794321461205352, -0.24986267, -0.11947632, 9.40947
1398794321466088165, -0.26176453, -0.12661743, 9.314255
1398794321471459259, -0.25700378, -0.08377075, 9.366623
1398794321476342071, -0.24510193, -0.0718689, 9.426132
1398794321481224884, -0.24986267, -0.08377075, 9.352341
1398794321486107696, -0.27842712, -0.08139038, 9.438034
1398794321491478790, -0.25938416, -0.088531494, 9.388046
1398794321496361602, -0.26176453, -0.10043335, 9.438034
1398794321501244415, -0.21177673, -0.090911865, 9.399948
1398794321506127227, -0.26652527, -0.12185669, 9.385666
1398794321511498321, -0.25224304, -0.10519409, 9.404709
1398794321514428009, -0.22843933, -0.069488525, 9.373764
1398794321517845977, -0.24034119, -0.09805298, 9.449936
1398794321521263946, -0.2546234, -0.112335205, 9.395187
1398794321529076446, -0.24510193, -0.11709595, 9.461838
1398794321536400665, -0.22843933, -0.10519409, 9.41185
1398794321541283477, -0.24272156, -0.090911865, 9.3452
1398794321546654571, -0.2641449, -0.07901001, 9.454697
1398794321551537384, -0.22605896, -0.13137817, 9.373764
1398794321556420196, -0.23558044, -0.1289978, 9.366623
1398794321561791290, -0.22605896, -0.07901001, 9.371384
1398794321566674102, -0.2546234, -0.08377075, 9.428513
1398794321571556915, -0.2641449, -0.12661743, 9.376144
1398794321576439727, -0.25938416, -0.13375854, 9.407089
1398794321581810821, -0.23320007, -0.08615112, 9.338058
1398794321586693634, -0.21177673, -0.11947632, 9.354721
1398794321591576446, -0.2308197, -0.08615112, 9.395187
1398794321596459259, -0.23796082, -0.10043335, 9.438034
1398794321601830352, -0.24272156, -0.05996704, 9.423752
1398794321606713165, -0.25938416, -0.114715576, 9.366623
1398794321611595977, -0.2546234, -0.11709595, 9.371384
1398794321616967071, -0.25938416, -0.12185669, 9.407089
1398794321621849884, -0.2308197, -0.114715576, 9.449936
1398794321626732696, -0.26652527, -0.08139038, 9.438034
1398794321631615509, -0.2474823, -0.112335205, 9.388046
1398794321636986602, -0.29985046, -0.08615112, 9.369003
1398794321641869415, -0.22129822, -0.09567261, 9.321396
1398794321646752227, -0.27842712, -0.07662964, 9.3832855
1398794321651635040, -0.2546234, -0.10043335, 9.378525
1398794321657006134, -0.25938416, -0.09805298, 9.41185
1398794321661888946, -0.2474823, -0.090911865, 9.438034
1398794321666771759, -0.24272156, -0.069488525, 9.440414
1398794321671654571, -0.2641449, -0.12661743, 9.41185
1398794321677025665, -0.25700378, -0.090911865, 9.371384
1398794321681908477, -0.25224304, -0.13851929, 9.364243
1398794321686791290, -0.25700378, -0.10757446, 9.376144
1398794321692162384, -0.25224304, -0.15280151, 9.380905
1398794321697045196, -0.23796082, -0.109954834, 9.376144
1398794321701928009, -0.28318787, -0.1289978, 9.399948
1398794321706810821, -0.2808075, -0.10043335, 9.392807
1398794321712181915, -0.2641449, -0.088531494, 9.399948
1398794321715111602, -0.24986267, -0.114715576, 9.371384
1398794321718529571, -0.24034119, -0.088531494, 9.421371
1398794321721947540, -0.28318787, -0.10519409, 9.340439
1398794321729760040, -0.2474823, -0.112335205, 9.399948
1398794321737084259, -0.23796082, -0.12185669, 9.371384
1398794321741967071, -0.24986267, -0.09805298, 9.359482
1398794321747338165, -0.24272156, -0.09805298, 9.352341
1398794321752220977, -0.26176453, -0.09567261, 9.392807
1398794321757103790, -0.26176453, -0.088531494, 9.452316
1398794321761986602, -0.27842712, -0.112335205, 9.354721
1398794321767357696, -0.25938416, -0.11709595, 9.342819
1398794321772240509, -0.26176453, -0.11947632, 9.354721
1398794321777123321, -0.24034119, -0.090911865, 9.416611
1398794321782006134, -0.23320007, -0.08139038, 9.423752
1398794321787377227, -0.24986267, -0.09567261, 9.390427
1398794321792260040, -0.23320007, -0.10281372, 9.369003
1398794321797142852, -0.24986267, -0.09567261, 9.428513
1398794321802513946, -0.27842712, -0.090911865, 9.328537
1398794321807396759, -0.29032898, -0.088531494, 9.380905
1398794321810814727, -0.30937195, -0.09567261, 9.392807
1398794321814232696, -0.2641449, -0.08615112, 9.357101
1398794321817162384, -0.23796082, -0.10757446, 9.388046
1398794321824974884, -0.23796082, -0.114715576, 9.380905
1398794321832299102, -0.24272156, -0.12185669, 9.359482
1398794321837181915, -0.271286, -0.09567261, 9.366623
1398794321842553009, -0.24986267, -0.109954834, 9.397568
1398794321847435821, -0.22843933, -0.11947632, 9.395187
1398794321852318634, -0.2474823, -0.088531494, 9.366623
1398794321857689727, -0.21177673, -0.109954834, 9.41423
1398794321862572540, -0.20939636, -0.09805298, 9.445175
1398794321867455352, -0.26652527, -0.12661743, 9.3832855
1398794321872338165, -0.2546234, -0.088531494, 9.423752
1398794321877709259, -0.26652527, -0.1289978, 9.376144
1398794321882592071, -0.23796082, -0.09329224, 9.34996
1398794321887474884, -0.26652527, -0.10519409, 9.438034
1398794321892357696, -0.23558044, -0.090911865, 9.395187
1398794321897728790, -0.27604675, -0.10043335, 9.388046
1398794321902611602, -0.3046112, -0.088531494, 9.47612
1398794321907494415, -0.24986267, -0.10043335, 9.361862
1398794321912865509, -0.27842712, -0.10281372, 9.4023285
1398794321915795196, -0.26176453, -0.13375854, 9.369003
1398794321919213165, -0.26652527, -0.10757446, 9.338058
1398794321922631134, -0.2808075, -0.07662964, 9.416611
1398794321930443634, -0.26890564, -0.09329224, 9.433273
1398794321937767852, -0.23558044, -0.11947632, 9.404709
1398794321942650665, -0.22843933, -0.12661743, 9.335678
1398794321948021759, -0.24034119, -0.07901001, 9.366623
1398794321952904571, -0.2641449, -0.088531494, 9.371384
1398794321957787384, -0.24510193, -0.088531494, 9.371384
1398794321962670196, -0.24986267, -0.12185669, 9.430893
1398794321968041290, -0.27604675, -0.14804077, 9.4023285
1398794321972924102, -0.24510193, -0.08139038, 9.435654
1398794321977806915, -0.27604675, -0.09567261, 9.397568
1398794321982689727, -0.26176453, -0.109954834, 9.390427
1398794321988060821, -0.24986267, -0.1289978, 9.342819
1398794321992943634, -0.24986267, -0.112335205, 9.404709
1398794321997826446, -0.29032898, -0.08377075, 9.41423
1398794322002709259, -0.2974701, -0.08139038, 9.418991
1398794322008080352, -0.26176453, -0.11709595, 9.290451
1398794322012963165, -0.26652527, -0.10043335, 9.3452
1398794322017845977, -0.271286, -0.1289978, 9.4023285
1398794322021263946, -0.25938416, -0.08615112, 9.421371
1398794322024681915, -0.26176453, -0.11947632, 9.418991
1398794322028099884, -0.2474823, -0.13851929, 9.388046
1398794322035424102, -0.2546234, -0.09329224, 9.359482
1398794322043236602, -0.27366638, -0.08377075, 9.449936
1398794322048119415, -0.2546234, -0.112335205, 9.378525
1398794322053002227, -0.28318787, -0.08377075, 9.34758
1398794322058373321, -0.2641449, -0.114715576, 9.40947
1398794322063256134, -0.23796082, -0.09567261, 9.421371
1398794322068138946, -0.27366638, -0.1289978, 9.378525
1398794322073021759, -0.26176453, -0.10757446, 9.392807
1398794322078392852, -0.29508972, -0.08615112, 9.333298
1398794322083275665, -0.25224304, -0.090911865, 9.41423
1398794322088158477, -0.26890564, -0.09567261, 9.438034
1398794322095970977, -0.24034119, -0.10281372, 9.359482
1398794322103295196, -0.2308197, -0.11947632, 9.418991
1398794322108178009, -0.26176453, -0.09329224, 9.4023285
1398794322113549102, -0.25224304, -0.12661743, 9.385666
1398794322118431915, -0.28556824, -0.09567261, 9.378525
1398794322123314727, -0.26652527, -0.10519409, 9.376144
1398794322128197540, -0.26890564, -0.090911865, 9.41185
1398794322133568634, -0.29508972, -0.10519409, 9.421371
1398794322138451446, -0.21891785, -0.109954834, 9.369003
1398794322143334259, -0.21653748, -0.10519409, 9.4856415
1398794322148217071, -0.29032898, -0.09567261, 9.359482
1398794322153588165, -0.23320007, -0.09805298, 9.366623
1398794322158470977, -0.24034119, -0.114715576, 9.373764
1398794322163353790, -0.23320007, -0.109954834, 9.392807
1398794322168724884, -0.2641449, -0.069488525, 9.404709
1398794322173607696, -0.271286, -0.067108154, 9.364243
1398794322178490509, -0.25224304, -0.08139038, 9.392807
1398794322183373321, -0.25700378, -0.114715576, 9.41423
1398794322186791290, -0.24272156, -0.09805298, 9.335678
1398794322190209259, -0.25224304, -0.07901001, 9.41423
1398794322193627227, -0.2546234, -0.10519409, 9.397568
1398794322200951446, -0.24510193, -0.13375854, 9.430893
1398794322208763946, -0.27842712, -0.10519409, 9.418991
1398794322213646759, -0.2641449, -0.0552063, 9.354721
1398794322218529571, -0.27842712, -0.10757446, 9.41423
1398794322221947540, -0.27842712, -0.08139038, 9.395187
1398794322225365509, -0.2308197, -0.08377075, 9.440414
1398794322228783477, -0.24034119, -0.15042114, 9.357101
1398794322236107696, -0.24986267, -0.090911865, 9.440414
1398794322243920196, -0.23796082, -0.08139038, 9.430893
1398794322248803009, -0.2546234, -0.09805298, 9.40947
1398794322253685821, -0.25224304, -0.11709595, 9.326157
1398794322258568634, -0.26176453, -0.10043335, 9.40947
1398794322263451446, -0.25224304, -0.09567261, 9.440414
1398794322268822540, -0.24034119, -0.114715576, 9.47374
1398794322273705352, -0.3046112, -0.09567261, 9.4023285
1398794322279076446, -0.2641449, -0.11947632, 9.395187
1398794322283959259, -0.26890564, -0.088531494, 9.364243
1398794322288842071, -0.27366638, -0.114715576, 9.459457
1398794322293724884, -0.20939636, -0.13851929, 9.388046
1398794322299095977, -0.2879486, -0.109954834, 9.385666
1398794322303978790, -0.27604675, -0.067108154, 9.452316
1398794322308861602, -0.28556824, -0.13375854, 9.416611
1398794322313744415, -0.24510193, -0.10281372, 9.457077
1398794322317162384, -0.26890564, -0.114715576, 9.371384
1398794322320580352, -0.20701599, -0.10519409, 9.41185
1398794322323998321, -0.24986267, -0.07901001, 9.428513
1398794322331322540, -0.2546234, -0.10519409, 9.354721
1398794322339135040, -0.2474823, -0.12185669, 9.385666
1398794322344017852, -0.29032898, -0.09329224, 9.390427
1398794322348900665, -0.2546234, -0.09567261, 9.385666
1398794322354271759, -0.24272156, -0.10519409, 9.418991
1398794322359154571, -0.271286, -0.10281372, 9.371384
1398794322364037384, -0.23320007, -0.15042114, 9.323776
1398794322368920196, -0.24510193, -0.112335205, 9.369003
1398794322374291290, -0.26652527, -0.11709595, 9.430893
1398794322379174102, -0.23558044, -0.07424927, 9.438034
1398794322384056915, -0.24510193, -0.067108154, 9.378525
1398794322387474884, -0.271286, -0.12661743, 9.385666
1398794322390892852, -0.23558044, -0.11947632, 9.359482
1398794322394310821, -0.27604675, -0.069488525, 9.28569
1398794322401635040, -0.28318787, -0.10043335, 9.421371
1398794322409447540, -0.29985046, -0.10757446, 9.373764
1398794322414330352, -0.28318787, -0.14804077, 9.380905
1398794322419213165, -0.25224304, -0.13375854, 9.359482
1398794322422631134, -0.2808075, -0.13375854, 9.399948
1398794322426049102, -0.271286, -0.12423706, 9.364243
1398794322429467071, -0.21177673, -0.12661743, 9.378525
1398794322436791290, -0.24510193, -0.12423706, 9.392807
1398794322444603790, -0.26652527, -0.09805298, 9.366623
1398794322449486602, -0.271286, -0.09329224, 9.421371
1398794322454369415, -0.23796082, -0.08377075, 9.34758
1398794322459252227, -0.19987488, -0.10757446, 9.34996
1398794322464623321, -0.27604675, -0.10519409, 9.428513
1398794322469506134, -0.28318787, -0.062347412, 9.41423
1398794322474388946, -0.27842712, -0.112335205, 9.41185
1398794322479760040, -0.2546234, -0.12423706, 9.404709
1398794322484642852, -0.2546234, -0.11947632, 9.40947
1398794322489525665, -0.20701599, -0.09329224, 9.438034
1398794322494408477, -0.25938416, -0.112335205, 9.371384
1398794322499779571, -0.2641449, -0.1289978, 9.395187
1398794322504662384, -0.23558044, -0.09805298, 9.378525
1398794322509545196, -0.26652527, -0.109954834, 9.357101
1398794322514428009, -0.2808075, -0.07424927, 9.366623
1398794322519799102, -0.2808075, -0.08615112, 9.366623
1398794322524681915, -0.26890564, -0.09567261, 9.378525
1398794322529564727, -0.25938416, -0.10757446, 9.464218
1398794322534935821, -0.23796082, -0.10757446, 9.4665985
1398794322539818634, -0.23796082, -0.13613892, 9.390427
1398794322544701446, -0.26176453, -0.109954834, 9.395187
1398794322549584259, -0.26890564, -0.09329224, 9.435654
1398794322554955352, -0.29270935, -0.10757446, 9.376144
1398794322559838165, -0.23320007, -0.12185669, 9.369003
1398794322564720977, -0.25224304, -0.08377075, 9.4023285
1398794322570092071, -0.26176453, -0.08139038, 9.407089
1398794322574974884, -0.23320007, -0.12185669, 9.430893
1398794322579857696, -0.25938416, -0.090911865, 9.380905
1398794322584740509, -0.22367859, -0.114715576, 9.369003
1398794322589623321, -0.25938416, -0.08615112, 9.418991
1398794322594994415, -0.23558044, -0.13613892, 9.366623
1398794322599877227, -0.24034119, -0.09805298, 9.457077
1398794322604760040, -0.24034119, -0.069488525, 9.40947
1398794322610131134, -0.24034119, -0.09329224, 9.404709
1398794322615013946, -0.28318787, -0.08377075, 9.418991
1398794322619896759, -0.2808075, -0.10043335, 9.371384
1398794322624779571, -0.24034119, -0.112335205, 9.392807
1398794322630150665, -0.24272156, -0.10757446, 9.378525
1398794322635033477, -0.23320007, -0.10043335, 9.385666
1398794322639916290, -0.26176453, -0.13613892, 9.354721
1398794322645287384, -0.26652527, -0.10757446, 9.399948
1398794322650170196, -0.24272156, -0.10281372, 9.380905
1398794322655053009, -0.25700378, -0.07424927, 9.3832855
1398794322659935821, -0.23796082, -0.13851929, 9.435654
1398794322664818634, -0.24986267, -0.09805298, 9.380905
1398794322670189727, -0.24510193, -0.10757446, 9.3190155
1398794322675072540, -0.27366638, -0.12185669, 9.378525
1398794322679955352, -0.2474823, -0.09329224, 9.397568
1398794322685326446, -0.26176453, -0.08377075, 9.366623
1398794322690209259, -0.28556824, -0.05758667, 9.40947
1398794322695092071, -0.29032898, -0.15518188, 9.366623
1398794322699974884, -0.25700378, -0.10281372, 9.421371
1398794322705345977, -0.29270935, -0.088531494, 9.366623
1398794322710228790, -0.2546234, -0.067108154, 9.404709
1398794322715111602, -0.22367859, -0.090911865, 9.423752
1398794322718529571, -0.2308197, -0.088531494, 9.440414
1398794322721947540, -0.22605896, -0.12423706, 9.440414
1398794322725365509, -0.2546234, -0.10757446, 9.388046
1398794322732689727, -0.24986267, -0.1456604, 9.4023285
1398794322740502227, -0.26890564, -0.112335205, 9.342819
1398794322745385040, -0.22843933, -0.109954834, 9.371384
1398794322750267852, -0.22605896, -0.10043335, 9.40947
1398794322755638946, -0.2308197, -0.07662964, 9.364243
1398794322760521759, -0.2546234, -0.10043335, 9.399948
1398794322765404571, -0.2546234, -0.08377075, 9.388046
1398794322770287384, -0.1974945, -0.11947632, 9.326157
1398794322775658477, -0.24272156, -0.10281372, 9.3452
1398794322780541290, -0.24034119, -0.11709595, 9.4023285
1398794322785424102, -0.25938416, -0.12661743, 9.373764
1398794322790795196, -0.2474823, -0.13375854, 9.407089
1398794322795678009, -0.2641449, -0.10757446, 9.421371
1398794322800560821, -0.27366638, -0.07901001, 9.433273
1398794322805443634, -0.29985046, -0.08377075, 9.326157
1398794322810814727, -0.21177673, -0.07662964, 9.418991
1398794322815697540, -0.271286, -0.08139038, 9.369003
1398794322820580352, -0.23320007, -0.13375854, 9.421371
1398794322823998321, -0.24986267, -0.112335205, 9.452316
1398794322827416290, -0.2308197, -0.08377075, 9.359482
1398794322830834259, -0.24034119, -0.069488525, 9.3832855
1398794322838158477, -0.2641449, -0.09567261, 9.40947
1398794322845482696, -0.3141327, -0.11709595, 9.359482
1398794322850853790, -0.271286, -0.109954834, 9.361862
1398794322855736602, -0.271286, -0.09805298, 9.416611
1398794322860619415, -0.27366638, -0.10043335, 9.416611
1398794322865990509, -0.29270935, -0.09329224, 9.388046
1398794322870873321, -0.25224304, -0.114715576, 9.483261
1398794322875756134, -0.27604675, -0.11947632, 9.323776
1398794322880638946, -0.21891785, -0.067108154, 9.421371
1398794322884056915, -0.2546234, -0.07424927, 9.361862
1398794322887474884, -0.21653748, -0.114715576, 9.438034
1398794322890892852, -0.28556824, -0.109954834, 9.390427
1398794322898217071, -0.29270935, -0.09567261, 9.376144
1398794322906029571, -0.24510193, -0.09567261, 9.390427
1398794322910912384, -0.24034119, -0.114715576, 9.435654
1398794322915795196, -0.25700378, -0.07901001, 9.3832855
1398794322921166290, -0.25700378, -0.09567261, 9.380905
1398794322926049102, -0.29985046, -0.1289978, 9.447556
1398794322930931915, -0.2808075, -0.09567261, 9.442795
1398794322935814727, -0.26176453, -0.109954834, 9.380905
1398794322941185821, -0.24986267, -0.09805298, 9.442795
1398794322944115509, -0.28318787, -0.12661743, 9.442795
1398794322947533477, -0.1974945, -0.07424927, 9.3452
1398794322950951446, -0.25700378, -0.10043335, 9.392807
1398794322958763946, -0.24034119, -0.112335205, 9.371384
1398794322966088165, -0.24272156, -0.12423706, 9.378525
1398794322970970977, -0.24272156, -0.109954834, 9.407089
1398794322976342071, -0.22129822, -0.11709595, 9.395187
1398794322979271759, -0.27604675, -0.10757446, 9.447556
1398794322982689727, -0.2474823, -0.1289978, 9.316635
1398794322986107696, -0.2546234, -0.10757446, 9.445175
1398794322993920196, -0.24986267, -0.10281372, 9.395187
1398794323001244415, -0.23796082, -0.088531494, 9.369003
1398794323006127227, -0.27366638, -0.114715576, 9.357101
1398794323011498321, -0.2879486, -0.13613892, 9.3190155
1398794323016381134, -0.2474823, -0.10519409, 9.378525
1398794323021263946, -0.2808075, -0.109954834, 9.395187
1398794323026146759, -0.28556824, -0.10043335, 9.371384
1398794323031517852, -0.2641449, -0.062347412, 9.369003
1398794323036400665, -0.23796082, -0.07901001, 9.392807
1398794323041283477, -0.2308197, -0.112335205, 9.378525
1398794323046166290, -0.25700378, -0.08615112, 9.428513
1398794323051537384, -0.26890564, -0.090911865, 9.390427
1398794323056420196, -0.25224304, -0.14804077, 9.373764
1398794323061303009, -0.271286, -0.11709595, 9.352341
1398794323066185821, -0.26890564, -0.10281372, 9.471359
1398794323071556915, -0.22843933, -0.08139038, 9.390427
1398794323076439727, -0.25224304, -0.13137817, 9.4023285
1398794323081322540, -0.22605896, -0.10757446, 9.376144
1398794323084740509, -0.29032898, -0.114715576, 9.385666
1398794323088158477, -0.2546234, -0.06472778, 9.366623
1398794323091576446, -0.26176453, -0.10519409, 9.421371
1398794323098900665, -0.26652527, -0.09329224, 9.397568
1398794323106713165, -0.25700378, -0.09805298, 9.3452
1398794323111595977, -0.2974701, -0.10519409, 9.395187
1398794323116478790, -0.2308197, -0.09567261, 9.392807
1398794323119896759, -0.25700378, -0.07901001, 9.359482
1398794323123314727, -0.2308197, -0.10757446, 9.378525
1398794323126732696, -0.2546234, -0.112335205, 9.480881
1398794323134056915, -0.24986267, -0.112335205, 9.416611
1398794323141869415, -0.2308197, -0.10043335, 9.421371
1398794323146752227, -0.29032898, -0.09805298, 9.3832855
1398794323151635040, -0.2474823, -0.09329224, 9.369003
1398794323156517852, -0.21891785, -0.109954834, 9.34996
1398794323161888946, -0.24510193, -0.088531494, 9.399948
1398794323166771759, -0.2474823, -0.112335205, 9.40947
1398794323171654571, -0.24034119, -0.10043335, 9.3832855
1398794323176537384, -0.2879486, -0.12423706, 9.369003
1398794323181908477, -0.23796082, -0.09805298, 9.373764
1398794323186791290, -0.22843933, -0.109954834, 9.369003
1398794323191674102, -0.25700378, -0.10757446, 9.395187
1398794323197045196, -0.271286, -0.10757446, 9.364243
1398794323201928009, -0.24272156, -0.09805298, 9.371384
1398794323206810821, -0.28556824, -0.13137817, 9.41423
1398794323211693634, -0.271286, -0.0718689, 9.41423
1398794323217064727, -0.25224304, -0.06472778, 9.4665985
1398794323221947540, -0.26652527, -0.067108154, 9.340439
1398794323225365509, -0.24986267, -0.10043335, 9.373764
1398794323228783477, -0.28556824, -0.08377075, 9.352341
1398794323232201446, -0.2141571, -0.09329224, 9.423752
1398794323239525665, -0.26890564, -0.12661743, 9.34758
1398794323246849884, -0.28556824, -0.10757446, 9.388046
1398794323252220977, -0.24034119, -0.114715576, 9.333298
1398794323257103790, -0.24510193, -0.08377075, 9.47612
1398794323261986602, -0.22129822, -0.052825928, 9.34996
1398794323267357696, -0.22129822, -0.09567261, 9.421371
1398794323272240509, -0.23796082, -0.10043335, 9.326157
1398794323277123321, -0.26176453, -0.10757446, 9.390427
1398794323282006134, -0.26890564, -0.09567261, 9.361862
1398794323286888946, -0.23796082, -0.0718689, 9.366623
1398794323292260040, -0.26890564, -0.08615112, 9.40947
1398794323297142852, -0.24272156, -0.07662964, 9.452316
1398794323302513946, -0.28556824, -0.109954834, 9.359482
1398794323307396759, -0.25938416, -0.09805298, 9.421371
1398794323312279571, -0.24272156, -0.13375854, 9.41423
1398794323317162384, -0.21891785, -0.09329224, 9.369003
1398794323322045196, -0.25224304, -0.14328003, 9.452316
1398794323327416290, -0.27366638, -0.09329224, 9.41185
1398794323330834259, -0.2474823, -0.114715576, 9.395187
1398794323333763946, -0.22605896, -0.090911865, 9.314255
1398794323337181915, -0.22129822, -0.07424927, 8.845322
1398794323344994415, -0.19511414, -0.09805298, 9.664169
1398794323352318634, -0.20701599, -0.045684814, 9.164291
1398794323357201446, -0.24272156, -0.062347412, 9.4023285
1398794323362572540, -0.1974945, -0.109954834, 9.707016
1398794323367455352, -0.2808075, -0.09329224, 8.854843
1398794323372826446, -0.2308197, -0.13613892, 9.611801
1398794323377709259, -0.2879486, -0.13137817, 9.41185
1398794323382592071, -0.28556824, -0.15756226, 9.407089
1398794323387474884, -0.25938416, -0.08377075, 9.328537
1398794323392357696, -0.271286, -0.062347412, 9.499924
1398794323397728790, -0.25938416, -0.06472778, 9.388046
1398794323402611602, -0.2879486, -0.07424927, 9.259506
1398794323407494415, -0.24510193, -0.12423706, 9.547531
1398794323412377227, -0.23558044, -0.14089966, 9.159531
1398794323417748321, -0.2141571, -0.14089966, 9.530869
1398794323422631134, -0.22367859, -0.114715576, 9.3452
1398794323426049102, -0.23796082, -0.12423706, 9.461838
1398794323429467071, -0.22843933, -0.13137817, 9.449936
1398794323432396759, -0.22129822, -0.12423706, 9.490402
1398794323440209259, -0.22129822, -0.090911865, 9.299973
1398794323447533477, -0.21891785, -0.09805298, 9.371384
1398794323452904571, -0.20939636, -0.1289978, 9.352341
1398794323457787384, -0.29985046, -0.16946411, 9.245224
1398794323462670196, -0.28556824, -0.11709595, 9.4023285
1398794323467553009, -0.25224304, -0.10043335, 9.34996
1398794323472924102, -0.24272156, -0.10757446, 9.428513
1398794323477806915, -0.24272156, -0.15280151, 9.3452
1398794323482689727, -0.26176453, -0.12661743, 9.380905
1398794323487572540, -0.3212738, -0.07662964, 9.371384
1398794323492943634, -0.27366638, -0.07901001, 9.483261
1398794323497826446, -0.24510193, -0.09567261, 9.247604
1398794323502709259, -0.24986267, -0.14328003, 9.288071
1398794323508080352, -0.24986267, -0.088531494, 9.369003
1398794323512963165, -0.22129822, -0.13613892, 9.380905
1398794323517845977, -0.23796082, -0.12423706, 9.266647
1398794323522728790, -0.22129822, -0.112335205, 9.483261
1398794323528099884, -0.20701599, -0.11709595, 9.4023285
1398794323531029571, -0.17845154, -0.088531494, 9.333298
1398794323534447540, -0.2546234, -0.10281372, 9.483261
1398794323537865509, -0.29508972, -0.12661743, 9.392807
1398794323545678009, -0.22367859, -0.1456604, 9.380905
1398794323553002227, -0.26890564, -0.13375854, 9.416611
1398794323557885040, -0.2641449, -0.112335205, 9.4665985
1398794323563256134, -0.26176453, -0.10757446, 9.323776
1398794323568138946, -0.25700378, -0.109954834, 9.447556
1398794323573021759, -0.29985046, -0.09567261, 9.516586
1398794323577904571, -0.29508972, -0.112335205, 9.397568
1398794323583275665, -0.31175232, -0.08615112, 9.457077
1398794323588158477, -0.31889343, -0.1289978, 9.40947
1398794323593041290, -0.24272156, -0.07424927, 9.369003
1398794323598412384, -0.24986267, -0.13137817, 9.335678
1398794323603295196, -0.26652527, -0.112335205, 9.373764
1398794323608178009, -0.23320007, -0.09329224, 9.480881
1398794323613060821, -0.2474823, -0.07901001, 9.395187
1398794323618431915, -0.2474823, -0.10519409, 9.495163
1398794323623314727, -0.2141571, -0.13137817, 9.390427
1398794323628197540, -0.27366638, -0.112335205, 9.333298
1398794323633080352, -0.23558044, -0.114715576, 9.342819
1398794323636498321, -0.22605896, -0.12423706, 9.399948
1398794323639916290, -0.2308197, -0.10281372, 9.354721
1398794323643334259, -0.24510193, -0.06472778, 9.41185
1398794323650658477, -0.25938416, -0.114715576, 9.423752
1398794323658470977, -0.2641449, -0.109954834, 9.395187
1398794323663353790, -0.29508972, -0.13851929, 9.361862
1398794323668236602, -0.25224304, -0.10519409, 9.426132
1398794323673607696, -0.26176453, -0.1289978, 9.416611
1398794323678490509, -0.2974701, -0.112335205, 9.378525
1398794323683373321, -0.2641449, -0.10757446, 9.442795
1398794323688256134, -0.2546234, -0.06472778, 9.330917
1398794323693627227, -0.25700378, -0.09567261, 9.376144
1398794323698510040, -0.26890564, -0.08615112, 9.440414
1398794323703392852, -0.2879486, -0.09329224, 9.388046
1398794323708763946, -0.26176453, -0.08377075, 9.404709
1398794323713646759, -0.28556824, -0.1289978, 9.407089
1398794323718529571, -0.20939636, -0.10281372, 9.335678
1398794323723412384, -0.24510193, -0.109954834, 9.328537
1398794323728783477, -0.25700378, -0.07424927, 9.41423
1398794323731713165, -0.23320007, -0.12661743, 9.428513
1398794323735131134, -0.20701599, -0.07424927, 9.330917
1398794323738549102, -0.22129822, -0.10281372, 9.404709
1398794323745873321, -0.26890564, -0.08139038, 9.447556
1398794323753685821, -0.25224304, -0.09567261, 9.352341
1398794323758568634, -0.30699158, -0.08139038, 9.34996
1398794323763451446, -0.2474823, -0.048065186, 9.471359
1398794323768822540, -0.30223083, -0.112335205, 9.333298
1398794323773705352, -0.31175232, -0.050445557, 9.395187
1398794323778588165, -0.2641449, -0.10757446, 9.404709
1398794323783959259, -0.23558044, -0.090911865, 9.307114
1398794323788842071, -0.26890564, -0.08139038, 9.34996
1398794323793724884, -0.2546234, -0.11709595, 9.430893
1398794323798607696, -0.29270935, -0.1456604, 9.445175
1398794323803978790, -0.27604675, -0.090911865, 9.4023285
1398794323808861602, -0.24510193, -0.10757446, 9.3832855
1398794323813744415, -0.2641449, -0.13137817, 9.440414
1398794323819115509, -0.25224304, -0.09805298, 9.397568
1398794323823998321, -0.22605896, -0.08139038, 9.369003
1398794323828881134, -0.2474823, -0.10519409, 9.390427
1398794323833763946, -0.2474823, -0.08615112, 9.338058
1398794323839135040, -0.25700378, -0.0718689, 9.426132
1398794323844017852, -0.22367859, -0.048065186, 9.340439
1398794323848900665, -0.25938416, -0.088531494, 9.311874
1398794323853783477, -0.25224304, -0.12661743, 9.342819
1398794323859154571, -0.2808075, -0.1456604, 9.423752
1398794323864037384, -0.28556824, -0.10043335, 9.442795
1398794323868920196, -0.26890564, -0.11947632, 9.385666
1398794323873803009, -0.30223083, -0.08615112, 9.407089
1398794323878685821, -0.2641449, -0.10757446, 9.392807
1398794323884056915, -0.2808075, -0.114715576, 9.3832855
1398794323888939727, -0.28318787, -0.13375854, 9.376144
1398794323894310821, -0.30223083, -0.13137817, 9.299973
1398794323899193634, -0.27842712, -0.10519409, 9.359482
1398794323904076446, -0.2546234, -0.08615112, 9.4023285
1398794323908959259, -0.2474823, -0.09567261, 9.461838
1398794323914330352, -0.24034119, -0.08377075, 9.371384
1398794323919213165, -0.23320007, -0.03616333, 9.449936
1398794323924095977, -0.27604675, -0.10043335, 9.359482
1398794323928978790, -0.23320007, -0.12185669, 9.371384
1398794323934349884, -0.22129822, -0.14328003, 9.416611
1398794323939232696, -0.27366638, -0.12185669, 9.354721
1398794323944115509, -0.23558044, -0.09567261, 9.433273
1398794323949486602, -0.28556824, -0.10043335, 9.416611
1398794323954369415, -0.19273376, -0.07424927, 9.430893
1398794323959252227, -0.271286, -0.08139038, 9.416611
1398794323964135040, -0.28556824, -0.11709595, 9.418991
1398794323969506134, -0.27842712, -0.10519409, 9.326157
1398794323974388946, -0.27604675, -0.15280151, 9.4023285
1398794323979271759, -0.26652527, -0.13137817, 9.364243
1398794323984154571, -0.3046112, -0.09805298, 9.371384
1398794323989525665, -0.2808075, -0.1456604, 9.369003
1398794323994408477, -0.27604675, -0.07901001, 9.471359
1398794323999291290, -0.2641449, -0.08139038, 9.3190155
1398794324004662384, -0.24034119, -0.109954834, 9.4023285
1398794324009545196, -0.23558044, -0.11709595, 9.3452
1398794324014428009, -0.22843933, -0.043304443, 9.326157
1398794324019310821, -0.2308197, -0.109954834, 9.335678
1398794324024681915, -0.22367859, -0.07662964, 9.483261
1398794324029564727, -0.2141571, -0.09329224, 9.385666
1398794324034447540, -0.23320007, -0.09329224, 9.457077
1398794324037865509, -0.20701599, -0.09805298, 9.423752
1398794324041283477, -0.2308197, -0.13375854, 9.395187
1398794324044701446, -0.271286, -0.10043335, 9.34996
1398794324052025665, -0.29508972, -0.15042114, 9.41185
1398794324059838165, -0.31651306, -0.10519409, 9.390427
1398794324064720977, -0.2808075, -0.13375854, 9.388046
1398794324069603790, -0.31651306, -0.10519409, 9.435654
1398794324074486602, -0.2879486, -0.112335205, 9.392807
1398794324079857696, -0.25700378, -0.112335205, 9.335678
1398794324084740509, -0.30223083, -0.109954834, 9.34996
1398794324089623321, -0.24272156, -0.069488525, 9.326157
1398794324094506134, -0.2641449, -0.08377075, 9.340439
1398794324099877227, -0.271286, -0.13137817, 9.4023285
1398794324104760040, -0.24510193, -0.06472778, 9.364243
1398794324109642852, -0.22605896, -0.07901001, 9.397568
1398794324115013946, -0.23320007, -0.14328003, 9.418991
1398794324119896759, -0.20939636, -0.11709595, 9.378525
1398794324124779571, -0.23796082, -0.12185669, 9.34758
1398794324129662384, -0.21891785, -0.109954834, 9.428513
1398794324135033477, -0.24986267, -0.067108154, 9.395187
1398794324139916290, -0.23796082, -0.112335205, 9.407089
1398794324144799102, -0.27604675, -0.069488525, 9.397568
1398794324149681915, -0.25224304, -0.10757446, 9.3832855
1398794324155053009, -0.26176453, -0.10043335, 9.342819
1398794324159935821, -0.28556824, -0.11947632, 9.385666
1398794324164818634, -0.3046112, -0.088531494, 9.4023285
1398794324169701446, -0.27604675, -0.090911865, 9.371384
1398794324174584259, -0.2879486, -0.10519409, 9.4665985
1398794324179955352, -0.26890564, -0.10043335, 9.371384
1398794324184838165, -0.3046112, -0.090911865, 9.404709
1398794324190209259, -0.24510193, -0.090911865, 9.373764
1398794324195092071, -0.2641449, -0.11709595, 9.378525
1398794324199974884, -0.28318787, -0.11709595, 9.354721
1398794324204857696, -0.23320007, -0.08377075, 9.407089
1398794324209740509, -0.21891785, -0.07662964, 9.34758
1398794324215111602, -0.25700378, -0.09805298, 9.397568
1398794324219994415, -0.24986267, -0.10043335, 9.380905
1398794324225365509, -0.20463562, -0.13137817, 9.364243
1398794324230248321, -0.22843933, -0.10757446, 9.390427
1398794324235131134, -0.2308197, -0.11947632, 9.359482
1398794324240013946, -0.24986267, -0.09567261, 9.371384
1398794324244896759, -0.2546234, -0.090911865, 9.421371
1398794324250267852, -0.2474823, -0.08615112, 9.371384
1398794324255150665, -0.24272156, -0.08377075, 9.380905
1398794324260033477, -0.24510193, -0.090911865, 9.397568
1398794324265404571, -0.29270935, -0.12185669, 9.357101
1398794324270287384, -0.26652527, -0.112335205, 9.28331
1398794324275170196, -0.271286, -0.1289978, 9.378525
1398794324280053009, -0.3141327, -0.12423706, 9.357101
1398794324285424102, -0.2641449, -0.09567261, 9.361862
1398794324290306915, -0.25700378, -0.09805298, 9.416611
1398794324295189727, -0.21891785, -0.07901001, 9.421371
1398794324300560821, -0.26890564, -0.11947632, 9.369003
1398794324305443634, -0.23558044, -0.13375854, 9.430893
1398794324310326446, -0.23558044, -0.09329224, 9.354721
1398794324315209259, -0.24986267, -0.07662964, 9.41423
1398794324320092071, -0.25224304, -0.11947632, 9.388046
1398794324325463165, -0.20939636, -0.090911865, 9.380905
1398794324328881134, -0.22843933, -0.10281372, 9.397568
1398794324331810821, -0.21653748, -0.069488525, 9.438034
1398794324335228790, -0.2546234, -0.07424927, 9.395187
1398794324343041290, -0.2974701, -0.10043335, 9.321396
1398794324350365509, -0.271286, -0.12423706, 9.426132
1398794324355736602, -0.26176453, -0.08377075, 9.426132
1398794324360619415, -0.27366638, -0.12185669, 9.407089
1398794324365502227, -0.2879486, -0.13851929, 9.361862
1398794324370385040, -0.29032898, -0.12661743, 9.385666
1398794324375756134, -0.25224304, -0.14328003, 9.371384
1398794324380638946, -0.31889343, -0.09805298, 9.4023285
1398794324385521759, -0.24986267, -0.10043335, 9.380905
1398794324390404571, -0.27366638, -0.10519409, 9.399948
1398794324395775665, -0.24034119, -0.08377075, 9.426132
1398794324400658477, -0.2546234, -0.07901001, 9.418991
1398794324405541290, -0.26176453, -0.10043335, 9.404709
1398794324410912384, -0.22605896, -0.08377075, 9.366623
1398794324415795196, -0.23558044, -0.13851929, 9.407089
1398794324420678009, -0.22367859, -0.08139038, 9.369003
1398794324425560821, -0.20225525, -0.09805298, 9.380905
1398794324428978790, -0.22129822, -0.1289978, 9.357101
1398794324432396759, -0.2308197, -0.0718689, 9.338058
1398794324435814727, -0.23796082, -0.10043335, 9.359482
1398794324443138946, -0.28556824, -0.088531494, 9.335678
1398794324450951446, -0.29985046, -0.11947632, 9.388046
1398794324455834259, -0.25938416, -0.109954834, 9.340439
1398794324460717071, -0.27366638, -0.112335205, 9.359482
1398794324465599884, -0.29508972, -0.114715576, 9.390427
1398794324470970977, -0.27366638, -0.09329224, 9.440414
1398794324475853790, -0.2808075, -0.0718689, 9.397568
1398794324479271759, -0.29508972, -0.12423706, 9.395187
1398794324482689727, -0.26890564, -0.109954834, 9.40947
1398794324486107696, -0.24986267, -0.069488525, 9.380905
1398794324493431915, -0.21653748, -0.12661743, 9.380905
1398794324500756134, -0.23796082, -0.10043335, 9.359482
1398794324506127227, -0.2641449, -0.08377075, 9.435654
1398794324511010040, -0.20939636, -0.109954834, 9.416611
1398794324514428009, -0.21891785, -0.08377075, 9.421371
1398794324517845977, -0.20463562, -0.08139038, 9.47374
1398794324521263946, -0.24986267, -0.10043335, 9.428513
1398794324528588165, -0.24034119, -0.10519409, 9.390427
1398794324535912384, -0.22843933, -0.12185669, 9.373764
1398794324541283477, -0.2641449, -0.11947632, 9.395187
1398794324546166290, -0.24986267, -0.11709595, 9.445175
1398794324549584259, -0.2474823, -0.11947632, 9.40947
1398794324552513946, -0.27366638, -0.1289978, 9.404709
1398794324555931915, -0.26652527, -0.10519409, 9.454697
1398794324563744415, -0.26652527, -0.11947632, 9.423752
1398794324571068634, -0.27366638, -0.088531494, 9.371384
1398794324575951446, -0.26652527, -0.09329224, 9.3190155
1398794324581322540, -0.2974701, -0.14328003, 9.388046
1398794324586205352, -0.24034119, -0.10757446, 9.416611
1398794324591576446, -0.28318787, -0.109954834, 9.41423
1398794324596459259, -0.24510193, -0.088531494, 9.385666
1398794324601342071, -0.23558044, -0.05758667, 9.438034
1398794324606224884, -0.22129822, -0.112335205, 9.440414
1398794324611107696, -0.21891785, -0.09329224, 9.3452
1398794324615990509, -0.21653748, -0.10043335, 9.3832855
1398794324621361602, -0.27366638, -0.12185669, 9.40947
1398794324624779571, -0.23320007, -0.09805298, 9.435654
1398794324628197540, -0.271286, -0.12185669, 9.421371
1398794324631615509, -0.2308197, -0.0718689, 9.440414
1398794324638939727, -0.2641449, -0.09805298, 9.369003
1398794324646263946, -0.29270935, -0.109954834, 9.371384
1398794324651635040, -0.24986267, -0.13375854, 9.430893
1398794324656517852, -0.26890564, -0.1289978, 9.40947
1398794324661400665, -0.27366638, -0.10519409, 9.3190155
1398794324666283477, -0.28318787, -0.08615112, 9.357101
1398794324671654571, -0.29032898, -0.112335205, 9.328537
1398794324676537384, -0.2808075, -0.10519409, 9.378525
1398794324681420196, -0.29032898, -0.13851929, 9.416611
1398794324686303009, -0.27366638, -0.10757446, 9.338058
1398794324691674102, -0.2641449, -0.10757446, 9.423752
1398794324696556915, -0.2474823, -0.10757446, 9.430893
1398794324701439727, -0.2474823, -0.10281372, 9.364243
1398794324704857696, -0.23320007, -0.12661743, 9.404709
1398794324708275665, -0.2141571, -0.10519409, 9.40947
1398794324711693634, -0.20939636, -0.10519409, 9.369003
1398794324719017852, -0.24272156, -0.088531494, 9.342819
1398794324726830352, -0.25938416, -0.112335205, 9.41185
1398794324731713165, -0.24986267, -0.10757446, 9.342819
1398794324736595977, -0.24986267, -0.10043335, 9.4023285
1398794324741478790, -0.24510193, -0.10757446, 9.333298
1398794324746849884, -0.26890564, -0.08615112, 9.40947
1398794324751732696, -0.27842712, -0.09329224, 9.352341
1398794324756615509, -0.27842712, -0.10043335, 9.354721
1398794324761498321, -0.29985046, -0.11947632, 9.395187
1398794324766869415, -0.28318787, -0.11709595, 9.404709
1398794324771752227, -0.30223083, -0.10281372, 9.459457
1398794324777123321, -0.271286, -0.10043335, 9.428513
1398794324782006134, -0.26890564, -0.08377075, 9.40947
1398794324786888946, -0.26652527, -0.09567261, 9.395187
1398794324791771759, -0.29508972, -0.112335205, 9.430893
1398794324796654571, -0.23796082, -0.13851929, 9.342819
1398794324800072540, -0.22843933, -0.12185669, 9.423752
1398794324803490509, -0.22843933, -0.12661743, 9.388046
1398794324806908477, -0.26176453, -0.07662964, 9.371384
1398794324814232696, -0.2641449, -0.09329224, 9.399948
1398794324822045196, -0.27604675, -0.10281372, 9.492783
1398794324826928009, -0.24510193, -0.10281372, 9.430893
1398794324831810821, -0.24034119, -0.06472778, 9.418991
1398794324837181915, -0.25224304, -0.1289978, 9.3452
1398794324842064727, -0.26890564, -0.12423706, 9.376144
1398794324846947540, -0.25700378, -0.114715576, 9.354721
1398794324851830352, -0.25938416, -0.07901001, 9.442795
1398794324857201446, -0.29032898, -0.112335205, 9.392807
1398794324862084259, -0.30937195, -0.08615112, 9.385666
1398794324866967071, -0.2546234, -0.112335205, 9.452316
1398794324871849884, -0.25700378, -0.112335205, 9.397568
1398794324877220977, -0.26652527, -0.10519409, 9.378525
1398794324882103790, -0.31651306, -0.112335205, 9.404709
1398794324886986602, -0.23320007, -0.090911865, 9.378525
1398794324892357696, -0.22367859, -0.112335205, 9.373764
1398794324897240509, -0.21177673, -0.11947632, 9.430893
1398794324902123321, -0.2546234, -0.09805298, 9.416611
1398794324907006134, -0.2474823, -0.10281372, 9.416611
1398794324912377227, -0.24510193, -0.09329224, 9.34758
1398794324917260040, -0.23320007, -0.10757446, 9.323776
1398794324922142852, -0.2474823, -0.08615112, 9.352341
1398794324927025665, -0.24510193, -0.09567261, 9.392807
1398794324932396759, -0.29270935, -0.1289978, 9.342819
1398794324937279571, -0.2546234, -0.112335205, 9.41423
1398794324942162384, -0.2474823, -0.13375854, 9.416611
1398794324947533477, -0.30223083, -0.090911865, 9.352341
1398794324950463165, -0.24034119, -0.11709595, 9.357101
1398794324953881134, -0.24272156, -0.088531494, 9.404709
1398794324957299102, -0.2641449, -0.0718689, 9.397568
1398794324964623321, -0.2641449, -0.10281372, 9.371384
1398794324972435821, -0.271286, -0.112335205, 9.4023285
1398794324975853790, -0.28318787, -0.114715576, 9.40947
1398794324979271759, -0.25224304, -0.10519409, 9.376144
1398794324982201446, -0.24986267, -0.07901001, 9.41423
1398794324990013946, -0.2474823, -0.10043335, 9.418991
1398794324997338165, -0.2308197, -0.088531494, 9.376144
1398794325001244415, -0.23796082, -0.09567261, 9.366623
1398794325005150665, -0.20225525, -0.10281372, 9.388046
1398794325008568634, -0.23320007, -0.07901001, 9.404709
1398794325012474884, -0.22843933, -0.12185669, 9.342819
1398794325018334259, -0.29032898, -0.090911865, 9.385666
1398794325024193634, -0.27604675, -0.13137817, 9.407089
1398794325030541290, -0.271286, -0.14328003, 9.397568
1398794325036888946, -0.2474823, -0.1289978, 9.435654
1398794325042748321, -0.26890564, -0.13137817, 9.390427
1398794325047631134, -0.2308197, -0.13137817, 9.4023285
1398794325052513946, -0.26176453, -0.11947632, 9.369003
1398794325057396759, -0.26890564, -0.08377075, 9.416611
1398794325062767852, -0.28318787, -0.08377075, 9.373764
1398794325067650665, -0.27366638, -0.07662964, 9.435654
1398794325073021759, -0.2879486, -0.090911865, 9.390427
1398794325077904571, -0.25700378, -0.10519409, 9.328537
1398794325082787384, -0.24986267, -0.114715576, 9.366623
1398794325087670196, -0.2141571, -0.08615112, 9.354721
1398794325092553009, -0.2641449, -0.090911865, 9.328537
1398794325097435821, -0.23558044, -0.10519409, 9.395187
1398794325102318634, -0.22367859, -0.114715576, 9.385666
1398794325107689727, -0.24272156, -0.088531494, 9.421371
1398794325112572540, -0.2641449, -0.13613892, 9.41423
1398794325117943634, -0.26890564, -0.12423706, 9.388046
1398794325122826446, -0.27604675, -0.08615112, 9.40947
1398794325127709259, -0.2641449, -0.10281372, 9.40947
1398794325132592071, -0.26652527, -0.08377075, 9.399948
1398794325137963165, -0.29985046, -0.08139038, 9.354721
1398794325142845977, -0.26652527, -0.112335205, 9.340439
1398794325148217071, -0.25700378, -0.12661743, 9.395187
1398794325153099884, -0.26176453, -0.13613892, 9.366623
1398794325157982696, -0.2546234, -0.109954834, 9.390427
1398794325162865509, -0.26890564, -0.13375854, 9.399948
1398794325167748321, -0.30699158, -0.10281372, 9.361862
1398794325173119415, -0.23558044, -0.10757446, 9.428513
1398794325178002227, -0.28318787, -0.112335205, 9.373764
1398794325182885040, -0.25700378, -0.07424927, 9.392807
1398794325188256134, -0.2546234, -0.10519409, 9.399948
1398794325193138946, -0.22367859, -0.11947632, 9.421371
1398794325196556915, -0.24510193, -0.10043335, 9.430893
1398794325199974884, -0.25700378, -0.09329224, 9.418991
1398794325202904571, -0.19987488, -0.11709595, 9.388046
1398794325210717071, -0.26890564, -0.11947632, 9.34758
1398794325218041290, -0.25938416, -0.07901001, 9.307114
1398794325223412384, -0.22367859, -0.08377075, 9.354721
1398794325228295196, -0.26652527, -0.10519409, 9.378525
1398794325233178009, -0.26652527, -0.10043335, 9.373764
1398794325238060821, -0.25224304, -0.09567261, 9.416611
1398794325242943634, -0.24986267, -0.08139038, 9.364243
1398794325248314727, -0.26176453, -0.109954834, 9.397568
1398794325253197540, -0.25700378, -0.112335205, 9.3832855
1398794325258080352, -0.25938416, -0.112335205, 9.440414
1398794325263451446, -0.24034119, -0.090911865, 9.426132
1398794325268334259, -0.2641449, -0.12661743, 9.3832855
1398794325273217071, -0.2879486, -0.10519409, 9.41423
1398794325278099884, -0.2474823, -0.11709595, 9.426132
1398794325282982696, -0.29508972, -0.13851929, 9.397568
1398794325288353790, -0.23796082, -0.10043335, 9.41423
1398794325293236602, -0.24986267, -0.09805298, 9.418991
1398794325298607696, -0.2474823, -0.09805298, 9.41423
1398794325303490509, -0.24510193, -0.10281372, 9.388046
1398794325308373321, -0.23558044, -0.12423706, 9.468979
1398794325313256134, -0.22605896, -0.09567261, 9.369003
1398794325318627227, -0.2308197, -0.13613892, 9.323776
1398794325323510040, -0.2546234, -0.10519409, 9.323776
1398794325328392852, -0.23796082, -0.13613892, 9.335678
1398794325333275665, -0.24986267, -0.10281372, 9.404709
1398794325338646759, -0.28318787, -0.09567261, 9.390427
1398794325343529571, -0.2879486, -0.09329224, 9.416611
1398794325348412384, -0.30937195, -0.07901001, 9.407089
1398794325353295196, -0.27366638, -0.15756226, 9.388046
1398794325356713165, -0.25938416, -0.114715576, 9.352341
1398794325360131134, -0.2546234, -0.10043335, 9.359482
1398794325363549102, -0.29032898, -0.10043335, 9.369003
1398794325370873321, -0.27366638, -0.11709595, 9.369003
1398794325378685821, -0.271286, -0.10519409, 9.385666
1398794325383568634, -0.23558044, -0.090911865, 9.435654
1398794325388451446, -0.26176453, -0.06472778, 9.304733
1398794325393822540, -0.2474823, -0.16470337, 9.397568
1398794325398705352, -0.25224304, -0.09567261, 9.385666
1398794325403588165, -0.22367859, -0.08615112, 9.445175
1398794325408470977, -0.22129822, -0.10757446, 9.392807
1398794325413842071, -0.23320007, -0.06472778, 9.416611
1398794325418724884, -0.25224304, -0.114715576, 9.421371
1398794325423607696, -0.24510193, -0.09567261, 9.41185
1398794325428978790, -0.25938416, -0.08377075, 9.395187
1398794325433861602, -0.29032898, -0.09567261, 9.440414
1398794325438744415, -0.25700378, -0.109954834, 9.407089
1398794325443627227, -0.2641449, -0.088531494, 9.392807
1398794325448998321, -0.29032898, -0.0552063, 9.361862
1398794325453881134, -0.27604675, -0.090911865, 9.392807
1398794325458763946, -0.29270935, -0.10757446, 9.407089
1398794325463646759, -0.3046112, -0.09805298, 9.452316
1398794325468529571, -0.2641449, -0.08139038, 9.404709
1398794325473900665, -0.26176453, -0.109954834, 9.357101
1398794325478783477, -0.2546234, -0.109954834, 9.418991
1398794325483666290, -0.26890564, -0.109954834, 9.404709
1398794325489037384, -0.20463562, -0.05758667, 9.404709
1398794325493920196, -0.27366638, -0.08615112, 9.357101
1398794325498803009, -0.23320007, -0.114715576, 9.404709
1398794325503685821, -0.2641449, -0.12423706, 9.41423
1398794325509056915, -0.23320007, -0.10281372, 9.380905
1398794325513939727, -0.26176453, -0.10281372, 9.438034
1398794325518822540, -0.22129822, -0.088531494, 9.416611
1398794325524193634, -0.24510193, -0.114715576, 9.426132
1398794325529076446, -0.26176453, -0.12661743, 9.376144
1398794325533959259, -0.271286, -0.112335205, 9.4023285
1398794325538842071, -0.2879486, -0.13613892, 9.390427
1398794325543724884, -0.29985046, -0.10281372, 9.373764
1398794325549095977, -0.3141327, -0.09567261, 9.407089
1398794325552513946, -0.27604675, -0.109954834, 9.373764
1398794325555931915, -0.28318787, -0.07424927, 9.34758
1398794325559349884, -0.2474823, -0.07662964, 9.376144
1398794325566674102, -0.29508972, -0.112335205, 9.373764
1398794325573998321, -0.26652527, -0.114715576, 9.357101
1398794325579369415, -0.25224304, -0.11947632, 9.392807
1398794325584252227, -0.24510193, -0.08139038, 9.388046
1398794325589135040, -0.22367859, -0.13137817, 9.421371
1398794325594506134, -0.27842712, -0.12661743, 9.416611
1398794325599388946, -0.20225525, -0.10043335, 9.359482
1398794325604271759, -0.25224304, -0.112335205, 9.407089
1398794325609154571, -0.21891785, -0.10281372, 9.41185
1398794325614525665, -0.23796082, -0.12661743, 9.385666
1398794325619408477, -0.25224304, -0.07424927, 9.4023285
1398794325624291290, -0.26652527, -0.10757446, 9.373764
1398794325629174102, -0.2808075, -0.109954834, 9.440414
1398794325632592071, -0.2879486, -0.10281372, 9.421371
1398794325636010040, -0.22129822, -0.10281372, 9.40947
1398794325639428009, -0.25938416, -0.07901001, 9.404709
1398794325646752227, -0.24510193, -0.114715576, 9.376144
1398794325654564727, -0.24510193, -0.10043335, 9.435654
1398794325659447540, -0.26652527, -0.10519409, 9.352341
1398794325664818634, -0.23558044, -0.12423706, 9.359482
1398794325669701446, -0.2546234, -0.12661743, 9.423752
1398794325674584259, -0.24272156, -0.0718689, 9.371384
1398794325679467071, -0.2879486, -0.13137817, 9.390427
1398794325684349884, -0.19987488, -0.112335205, 9.335678
1398794325689720977, -0.2141571, -0.09805298, 9.3832855
1398794325694603790, -0.2308197, -0.12185669, 9.397568
1398794325699486602, -0.2141571, -0.09329224, 9.395187
1398794325704857696, -0.26176453, -0.10519409, 9.41423
1398794325709740509, -0.2641449, -0.10281372, 9.433273
1398794325714623321, -0.23320007, -0.09805298, 9.430893
1398794325719506134, -0.24510193, -0.109954834, 9.438034
1398794325722924102, -0.22367859, -0.09329224, 9.378525
1398794325726342071, -0.22129822, -0.09567261, 9.390427
1398794325729760040, -0.25224304, -0.109954834, 9.426132
1398794325737084259, -0.26652527, -0.11709595, 9.34996
1398794325744896759, -0.26176453, -0.088531494, 9.357101
1398794325747826446, -0.25938416, -0.114715576, 9.364243
1398794325751244415, -0.2641449, -0.07424927, 9.357101
1398794325754662384, -0.27604675, -0.10519409, 9.34758
1398794325762474884, -0.24272156, -0.1289978, 9.399948
1398794325769799102, -0.30699158, -0.11709595, 9.452316
1398794325774681915, -0.21891785, -0.090911865, 9.354721
1398794325780053009, -0.27366638, -0.13851929, 9.366623
1398794325784935821, -0.22605896, -0.07901001, 9.404709
1398794325789818634, -0.23320007, -0.1456604, 9.361862
1398794325794701446, -0.25224304, -0.10043335, 9.352341
1398794325800072540, -0.22843933, -0.069488525, 9.385666
1398794325804955352, -0.2546234, -0.11947632, 9.380905
1398794325809838165, -0.23558044, -0.09805298, 9.34758
1398794325814720977, -0.23320007, -0.09805298, 9.342819
1398794325820092071, -0.271286, -0.0718689, 9.440414
1398794325824974884, -0.2546234, -0.12185669, 9.392807
1398794325829857696, -0.2808075, -0.112335205, 9.397568
1398794325834740509, -0.24034119, -0.11709595, 9.385666
1398794325840111602, -0.27842712, -0.112335205, 9.380905
1398794325844994415, -0.2308197, -0.090911865, 9.445175
1398794325849877227, -0.26890564, -0.112335205, 9.461838
1398794325855248321, -0.27366638, -0.09805298, 9.41185
1398794325860131134, -0.27604675, -0.112335205, 9.385666
1398794325865013946, -0.29508972, -0.10519409, 9.388046
1398794325869896759, -0.23320007, -0.09329224, 9.395187
1398794325875267852, -0.27366638, -0.09567261, 9.3832855
1398794325880150665, -0.22843933, -0.10757446, 9.357101
1398794325885521759, -0.22605896, -0.090911865, 9.418991
1398794325890404571, -0.27604675, -0.09567261, 9.385666
1398794325895287384, -0.23796082, -0.10281372, 9.338058
1398794325900170196, -0.23558044, -0.09805298, 9.395187
1398794325905053009, -0.24272156, -0.09329224, 9.423752
1398794325910424102, -0.24272156, -0.08615112, 9.373764
1398794325915306915, -0.27842712, -0.12661743, 9.41423
1398794325920189727, -0.21653748, -0.10281372, 9.388046
1398794325925072540, -0.2641449, -0.10519409, 9.369003
1398794325930443634, -0.28556824, -0.10281372, 9.457077
1398794325935326446, -0.29508972, -0.09805298, 9.380905
1398794325938744415, -0.271286, -0.109954834, 9.366623
1398794325942162384, -0.25938416, -0.10757446, 9.416611
1398794325945092071, -0.28318787, -0.08139038, 9.41423
1398794325952904571, -0.271286, -0.1289978, 9.433273
1398794325960228790, -0.24272156, -0.109954834, 9.3832855
1398794325965599884, -0.27366638, -0.114715576, 9.442795
1398794325970482696, -0.26176453, -0.090911865, 9.423752
1398794325975365509, -0.2474823, -0.10043335, 9.423752
1398794325980248321, -0.23558044, -0.090911865, 9.407089
1398794325985619415, -0.26176453, -0.08377075, 9.380905
1398794325990502227, -0.20225525, -0.088531494, 9.388046
1398794325995385040, -0.24986267, -0.08615112, 9.418991
1398794326000267852, -0.25938416, -0.0718689, 9.390427
1398794326005638946, -0.2474823, -0.10281372, 9.333298
1398794326010521759, -0.2546234, -0.12661743, 9.373764
1398794326015404571, -0.23796082, -0.10519409, 9.397568
1398794326020775665, -0.26890564, -0.09329224, 9.457077
1398794326025658477, -0.26176453, -0.11709595, 9.40947
1398794326030541290, -0.29985046, -0.1289978, 9.354721
1398794326033959259, -0.23796082, -0.10519409, 9.3452
1398794326037377227, -0.28556824, -0.10519409, 9.373764
1398794326040795196, -0.24272156, -0.13375854, 9.40947
1398794326048119415, -0.2474823, -0.11709595, 9.397568
1398794326055443634, -0.26176453, -0.109954834, 9.418991
1398794326060814727, -0.22129822, -0.10043335, 9.361862
1398794326065697540, -0.22843933, -0.12185669, 9.380905
1398794326069115509, -0.24510193, -0.112335205, 9.380905
1398794326072533477, -0.2546234, -0.14089966, 9.371384
1398794326075951446, -0.2879486, -0.13613892, 9.385666
1398794326083275665, -0.20939636, -0.1289978, 9.311874
1398794326090599884, -0.19273376, -0.112335205, 9.342819
1398794326095970977, -0.23320007, -0.1289978, 9.354721
1398794326100853790, -0.21653748, -0.10043335, 9.407089
1398794326105736602, -0.2474823, -0.13613892, 9.404709
1398794326110619415, -0.2808075, -0.10281372, 9.364243
1398794326115990509, -0.23320007, -0.09805298, 9.361862
1398794326120873321, -0.24510193, -0.12423706, 9.335678
1398794326125756134, -0.21177673, -0.05996704, 9.328537
1398794326131127227, -0.2474823, -0.10519409, 9.545151
1398794326136010040, -0.24510193, -0.112335205, 9.480881
1398794326140892852, -0.2474823, -0.11947632, 9.3190155
1398794326145775665, -0.2879486, -0.0718689, 9.321396
1398794326151146759, -0.26176453, -0.090911865, 9.276169
1398794326156029571, -0.26890564, -0.11947632, 9.371384
1398794326160912384, -0.22367859, -0.10281372, 9.4665985
1398794326165795196, -0.22843933, -0.14804077, 9.47374
1398794326171166290, -0.26176453, -0.12423706, 9.421371
1398794326176049102, -0.2641449, -0.09567261, 9.328537
1398794326180931915, -0.25224304, -0.09805298, 9.435654
1398794326186303009, -0.23796082, -0.11709595, 9.442795
1398794326189232696, -0.2641449, -0.10281372, 9.449936
1398794326192650665, -0.2474823, -0.09567261, 9.359482
1398794326196068634, -0.2141571, -0.09805298, 9.34758
1398794326203881134, -0.25938416, -0.08615112, 9.290451
1398794326211205352, -0.2546234, -0.08615112, 9.354721
